cn=[2,2,8];
cb=[0,1,2,0];
B=[4,2,2,1;1,2,0,1,;0,0,1,1];
N=[5,0,0;0,3,0;0,0,1];
%